100 200

67 39
59 88
20 53
73 51
63 40
80 8
62 94
71 32
95 78
56 11
87 83
81 39
47 16
94 80
88 66
79 74
98 89
33 71
23 56
91 44
88 50
73 78
62 48
57 18
23 9
36 19
22 77
41 76
89 21
86 30
92 84
43 11
91 89
99 85
25 82
57 22
93 12
72 17
67 60
84 71
19 4
77 92
17 43
24 65
24 25
56 59
19 35
82 73
91 80
1 82
70 5
80 38
49 31
12 69
76 6
37 11
12 48
41 14
54 48
60 97
74 63
94 22
59 55
93 52
81 35
23 99
27 89
92 60
65 85
96 17
61 19
11 90
89 14
75 51
4 37
84 30
93 95
11 3
82 99
64 68
79 89
25 63
99 16
60 52
77 64
58 85
11 67
43 44
83 37
46 8
87 82
2 10
87 14
99 15
32 91
62 20
91 86
47 19
79 0
65 22
8 51
41 65
5 78
29 72
11 25
36 27
99 46
90 39
22 90
5 70
75 45
72 42
22 26
1 38
29 89
74 10
84 86
61 22
83 15
80 76
99 62
64 59
25 14
93 7
46 21
99 2
17 75
41 40
88 13
75 29
47 28
28 92
15 61
14 12
97 47
8 70
55 88
57 69
8 66
51 80
53 69
72 62
93 5
2 4
37 51
30 14
77 1
18 52
34 0
59 78
76 21
54 87
89 92
5 4
53 5
39 28
93 0
96 7
43 5
70 4
84 53
60 40
37 68
33 86
12 72
86 72
51 42
50 72
63 65
99 68
38 52
85 4
39 69
23 71
64 61
66 97
42 46
86 80
49 44
52 41
67 91
62 99
94 82
15 11
6 30
75 6
69 39
34 12
63 96
21 21
87 37
5 27
15 69
76 25
40 82
4 90
53 47
67 26
90 61
89 1

54 77
76 18
82 53
58 76
81 50
78 94
92 87
72 34
39 52
91 24
82 86
56 30
95 67
5 69
97 66
62 22
47 9
28 10
87 3
92 43
